   0.0000000000000000     
   7.3656255380094289E-004
   2.2382228131575827E-003
   3.7976058655618153E-003
   5.4159897545716200E-003
   7.0945941455099653E-003
   8.8345711008697286E-003
   1.0636995454122628E-002
   1.2502854823955523E-002
   1.4433039320037738E-002
   1.6428331000914752E-002
   1.8489393154405093E-002
   2.0616759480799215E-002
   2.2810823269046560E-002
   2.5071826665768803E-002
   2.7399850146127135E-002
   2.9794802304053476E-002
   3.2256410086863849E-002
   3.4784209605530025E-002
   3.7377537656611795E-002
   4.0035524094764546E-002
   4.2757085195568811E-002
   4.5540918146931800E-002
   4.8385496803271588E-002
   5.1289068829941269E-002
   5.4249654355765758E-002
   5.7265046239095951E-002
   6.0332812037454248E-002
   6.3450297752754112E-002
   6.6614633403411755E-002
   6.9822740451705362E-002
   7.3071341089838066E-002
   7.6356969361769056E-002
   7.9675984070509076E-002
   8.3024583392809742E-002
   8.6398821095635583E-002
   8.9794624222142030E-002
   9.3207812089750888E-002
   9.6634116419958671E-002
  0.10006920239933478     
  0.10350869045431030     
  0.10694817850928581     
  0.11038326448866193     
  0.11380956881886969     
  0.11722275668647857     
  0.12061855981298503     
  0.12399279751581088     
  0.12734139683811152     
  0.13066041154685154     
  0.13394603981878253     
  0.13719464045691526     
  0.14040274750520887     
  0.14356708315586647     
  0.14668456887116632     
  0.14975233466952464     
  0.15276772655285484     
  0.15572831207867932     
  0.15863188410534901     
  0.16147646276168878     
  0.16426029571305178     
  0.16698185681385605     
  0.16963984325200882     
  0.17223317130309057     
  0.17476097082175673     
  0.17722257860456714     
  0.17961753076249348     
  0.18194555424285180     
  0.18420655763957405     
  0.18640062142782138     
  0.18852798775421550     
  0.19058904990770584     
  0.19258434158858284     
  0.19451452608466507     
  0.19638038545449799     
  0.19818280980775088     
  0.19992278676311065     
  0.20160139115404896     
  0.20321977504305877     
  0.20477915809546304     
  0.20628081835481965     
  0.20701738090862060     
