   0.0000000000000000     
   5.0505050505050553E-003
   1.5151515151515138E-002
   2.5252525252525221E-002
   3.5353535353535331E-002
   4.5454545454545414E-002
   5.5555555555555552E-002
   6.5656565656565691E-002
   7.5757575757575774E-002
   8.5858585858585884E-002
   9.5959595959595967E-002
  0.10606060606060605     
  0.11616161616161616     
  0.12626262626262627     
  0.13636363636363638     
  0.14646464646464646     
  0.15656565656565657     
  0.16666666666666669     
  0.17676767676767677     
  0.18686868686868688     
  0.19696969696969696     
  0.20707070707070707     
  0.21717171717171718     
  0.22727272727272727     
  0.23737373737373738     
  0.24747474747474746     
  0.25757575757575757     
  0.26767676767676768     
  0.27777777777777773     
  0.28787878787878785     
  0.29797979797979801     
  0.30808080808080807     
  0.31818181818181823     
  0.32828282828282829     
  0.33838383838383834     
  0.34848484848484851     
  0.35858585858585856     
  0.36868686868686873     
  0.37878787878787878     
  0.38888888888888884     
  0.39898989898989901     
  0.40909090909090906     
  0.41919191919191923     
  0.42929292929292928     
  0.43939393939393939     
  0.44949494949494950     
  0.45959595959595956     
  0.46969696969696972     
  0.47979797979797978     
  0.48989898989898994     
  0.50000000000000000     
  0.51010101010101017     
  0.52020202020202022     
  0.53030303030303028     
  0.54040404040404044     
  0.55050505050505050     
  0.56060606060606055     
  0.57070707070707072     
  0.58080808080808088     
  0.59090909090909083     
  0.60101010101010099     
  0.61111111111111116     
  0.62121212121212122     
  0.63131313131313127     
  0.64141414141414144     
  0.65151515151515160     
  0.66161616161616155     
  0.67171717171717171     
  0.68181818181818188     
  0.69191919191919193     
  0.70202020202020199     
  0.71212121212121215     
  0.72222222222222221     
  0.73232323232323226     
  0.74242424242424243     
  0.75252525252525260     
  0.76262626262626254     
  0.77272727272727271     
  0.78282828282828287     
  0.79292929292929293     
  0.80303030303030298     
  0.81313131313131315     
  0.82323232323232332     
  0.83333333333333326     
  0.84343434343434343     
  0.85353535353535359     
  0.86363636363636365     
  0.87373737373737370     
  0.88383838383838387     
  0.89393939393939392     
  0.90404040404040398     
  0.91414141414141414     
  0.92424242424242431     
  0.93434343434343436     
  0.94444444444444453     
  0.95454545454545459     
  0.96464646464646464     
  0.97474747474747481     
  0.98484848484848486     
  0.99494949494949492     
   1.0000000000000000     
