   0.0000000000000000     
   1.2500000000000000E-003
   3.7499999999999999E-003
   6.2500000000000003E-003
   8.7500000000000008E-003
   1.1250000000000000E-002
   1.3750000000000002E-002
   1.6250000000000001E-002
   1.8750000000000003E-002
   2.1249999999999998E-002
   2.3750000000000000E-002
   2.6249999999999996E-002
   2.8749999999999998E-002
   3.1249999999999993E-002
   3.3749999999999995E-002
   3.6249999999999998E-002
   3.8750000000000000E-002
   4.1250000000000002E-002
   4.3750000000000004E-002
   4.6250000000000006E-002
   4.8750000000000009E-002
   5.1250000000000011E-002
   5.3750000000000013E-002
   5.6250000000000015E-002
   5.8750000000000017E-002
   6.1250000000000013E-002
   6.3750000000000015E-002
   6.6250000000000017E-002
   6.8750000000000019E-002
   7.1250000000000022E-002
   7.3750000000000024E-002
   7.6250000000000026E-002
   7.8750000000000028E-002
   8.1250000000000031E-002
   8.3750000000000033E-002
   8.6250000000000035E-002
   8.8750000000000037E-002
   9.1250000000000039E-002
   9.3750000000000042E-002
   9.6250000000000044E-002
   9.8750000000000046E-002
  0.10125000000000005     
  0.10375000000000005     
  0.10625000000000005     
  0.10875000000000005     
  0.11125000000000006     
  0.11375000000000006     
  0.11625000000000006     
  0.11875000000000006     
  0.12125000000000007     
  0.12375000000000005     
  0.12625000000000006     
  0.12875000000000006     
  0.13125000000000006     
  0.13375000000000006     
  0.13625000000000007     
  0.13875000000000007     
  0.14125000000000007     
  0.14375000000000007     
  0.14625000000000007     
  0.14875000000000008     
  0.15125000000000008     
  0.15375000000000008     
  0.15625000000000008     
  0.15875000000000009     
  0.16125000000000009     
  0.16375000000000009     
  0.16625000000000009     
  0.16875000000000009     
  0.17125000000000010     
  0.17375000000000010     
  0.17625000000000010     
  0.17875000000000010     
  0.18125000000000011     
  0.18375000000000011     
  0.18625000000000011     
  0.18875000000000011     
  0.19125000000000011     
  0.19375000000000012     
  0.19625000000000012     
  0.19875000000000012     
  0.20125000000000012     
  0.20375000000000013     
  0.20625000000000013     
  0.20875000000000013     
  0.21125000000000013     
  0.21375000000000013     
  0.21625000000000014     
  0.21875000000000014     
  0.22125000000000014     
  0.22375000000000014     
  0.22625000000000015     
  0.22875000000000015     
  0.23125000000000015     
  0.23375000000000015     
  0.23625000000000015     
  0.23875000000000016     
  0.24125000000000016     
  0.24375000000000016     
  0.24625000000000016     
  0.24875000000000017     
  0.25125000000000020     
  0.25375000000000014     
  0.25625000000000020     
  0.25875000000000015     
  0.26125000000000020     
  0.26375000000000015     
  0.26625000000000021     
  0.26875000000000016     
  0.27125000000000021     
  0.27375000000000016     
  0.27625000000000022     
  0.27875000000000016     
  0.28125000000000022     
  0.28375000000000017     
  0.28625000000000023     
  0.28875000000000017     
  0.29125000000000023     
  0.29375000000000018     
  0.29625000000000024     
  0.29875000000000018     
  0.30125000000000024     
  0.30375000000000019     
  0.30625000000000024     
  0.30875000000000019     
  0.31125000000000025     
  0.31375000000000020     
  0.31625000000000025     
  0.31875000000000020     
  0.32125000000000026     
  0.32375000000000020     
  0.32625000000000026     
  0.32875000000000021     
  0.33125000000000027     
  0.33375000000000021     
  0.33625000000000027     
  0.33875000000000022     
  0.34125000000000028     
  0.34375000000000022     
  0.34625000000000028     
  0.34750000000000025     
