   0.0000000000000000     
   8.7500000000000009E-006
   2.6687500000000005E-005
   4.5521875000000007E-005
   6.5297968750000014E-005
   8.6062867187500022E-005
   1.0786601054687503E-004
   1.3075931107421878E-004
   1.5479727662792974E-004
   1.8003714045932624E-004
   2.0653899748229257E-004
   2.3436594735640724E-004
   2.6358424472422762E-004
   2.9426345696043901E-004
   3.2647662980846094E-004
   3.6030046129888405E-004
   3.9581548436382828E-004
   4.3310625858201967E-004
   4.7226157151112068E-004
   5.1337465008667680E-004
   5.5654338259101058E-004
   6.0187055172056117E-004
   6.4946407930658928E-004
   6.9943728327191874E-004
   7.5190914743551458E-004
   8.0700460480729046E-004
   8.6485483504765502E-004
   9.2559757680003786E-004
   9.8937745564003986E-004
   1.0563463284220418E-003
   1.1266636448431441E-003
   1.2004968270853014E-003
   1.2780216684395666E-003
   1.3594227518615449E-003
   1.4448938894546222E-003
   1.5346385839273534E-003
   1.6288705131237212E-003
   1.7278140387799071E-003
   1.8317047407189024E-003
   1.9407899777548476E-003
   2.0553294766425903E-003
   2.1755959504747195E-003
   2.3018757479984558E-003
   2.4344695353983787E-003
   2.5736930121682978E-003
   2.7198776627767127E-003
   2.8733715459155489E-003
   3.0345401232113262E-003
   3.2037671293718927E-003
   3.3814554858404874E-003
   3.5680282601325119E-003
   3.7639296731391374E-003
   3.9696261567960947E-003
   4.1856074646359001E-003
   4.4123878378676947E-003
   4.6505072297610799E-003
   4.9005325912491338E-003
   5.1630592208115906E-003
   5.4387121818521697E-003
   5.7281477909447778E-003
   6.0320551804920169E-003
   6.3511579395166187E-003
   6.6862158364924488E-003
   7.0380266283170713E-003
   7.4074279597329254E-003
   7.7952993577195722E-003
   8.2025643256055519E-003
   8.6301925418858297E-003
   9.0792021689801196E-003
   9.5506622774291262E-003
   1.0045695391300583E-002
   1.0565480160865611E-002
   1.1111254168908893E-002
   1.1684316877354339E-002
   1.2286032721222057E-002
   1.2917834357283161E-002
   1.3581226075147319E-002
   1.4277787378904686E-002
   1.5009176747849920E-002
   1.5777135585242415E-002
   1.6170480355614181E-002
